
-
-312
-333
-378
-852
@
@255
@363
@442
@602
@899
*
*196
*228
*229
*231
*236
*242
*252
*263
*296
*345
*366
*399
*429
*43
*437
*439
*47
*484
*492
*506
*521
*540
*592
*595
*602
*611
*682
*708
*728
*737
*747
*83
*873
*939
*993
/
/235
&
&197
&475
&618
&68
#
#22
#561
#569
#687
#777
#827
#860
#892
#928
%
%436
%627
%881
+
+133
+17
+318
+471
+645
+814
+860
=
=249
=349
=530
=876
=888
=907
$
$353
$369
$40
$575
$817
1
10
101
102
103
103*37
105
108
108/
110
111
112
115
120
123
125
126
127
128
13
130
131
132
132-
135
137
139
14
140
144
146
148
149
149*
15
150
152
153
154
155
156
157
158
159
16
160
161
162
163
164
165
168
17
172
174
174/
175*
178
180
182
184
186
187
188
189*
19
19*239
190
191
192
193
195
196
197
199
2
2=
20
20*
200
203
203*
203%
204
205
207
207-
208
209
21
211
212
215
216*192
217
218
219
22
223
225
227
228
229
23
23*108
231*926
232
232$
233
234
239
24
240
242
243
244
245
248
25
250
251
252
252-
255
258
259
26
261
263
264
264%
265
266
267
268
269
27
271
272
273
273*961
274
276
277%
279
28
281@
283
284
284*513
286
287
288
289
289*418
29
291
291*59
292
295
296
297
298
298*
299
3
30
303
304
305*
306
307
309
310
313
314
318
318*
318*410
319
320
321
323
324
326
326*309
329
33
330
331
332
333
334
336*
337
338
34
340
342
343
345
346
347
347$
349
351
352
353
354
358
359
36
360
361
363
363*
364
365
366
368
369
370
373
374
375/
377
378
378*888
379
382
383
384
385
386
387$
388
388%
389
391
392
394
395
396
397
40
400
401
402
403
404
405
406
406*
406*802
407
41
410
411
411*309
412
413
414
415
417
419
42
422
423
424
425
425*147
427
429
430
431
433
437
438
438$
439*
44
443
444
444/
447
448
45
450
451
453
455
456
457
458
459=
46
460
461
462
463
465
465-
466
467
468
468*
469
470
473
476
477
478$
479
48
482
483
484
485
49
490
492
494
495
497
498
499
5
50*15
500
504
506
508
51
510
511*
512
513
514
514%
516
517*24
518
519
52
520
522
523
525
526
527
528
529
530
532
534
535
535*
536
537
538
539
541
542
543
545
546
547
548
549
55
550
550*520
552
553
554
555
556
557%
558
561
563
565
568@
569
57
570
572
573
574
575
578
579
58
580
581
582
583
584
585
587
588
589
59
591
593
595
596/
597
599
599*
60
602
603
604
605
61
610
613
615
616
619
62
620*
623
624
626
627
628
630/
632
633
634
635
636
638
638$
639
64
641
643
644*
644=
644$
645
645*343
646
647
648*806
65
651
652
653
654
654/
657
659*
66
660
662
663
665
666
669
670
671
671=
673
674
676
677
678
679
68/
681
684
684#
685
686
688
689
69
690
691
696
697
698
698*778
699
7
70
700
700*152
701
702
703
704
705
707
71*
712
714
718
72
720
721
722
723
724
726
726*
727
728
73
731
734
735
736
737
739
74
740
744
745
746
746%
747
748
75
750
751
752
753
753*
754
755
76
76+
760
761
762
763
765
768
770
771
772
773
774
775
779
78#
782
782$
784
785
786
787
789
790
791
792
794
795
796
797
797*960
799
8*671
80
802
806
807
808
809*755
810
812
813
813*
814
816
818
820
820@
822
823
824
827
829
830*
832
833%
835
836
838*
839
840
843
844
845
846
847
848*276
852
853
855
856
857
858
859
860
861
862
863
866
869
87
870
871
872
873
874
878
879
88
88#
880
881
883
884
885
886
888
89
890
891*129
892
894
894#
896
897
898
899
9
900
900*
902
903
904
905
906
907
909
910
913
914
915
916
918
919*213
92
920@
920*456
921
923
924
926
927
928
929
93
930
932
935
935*56
936
937
938
939
94-
94*
940
942
943
944
945
947
948
95
951*472
952
955
956
957
958
96
960
962
963
964
966
967
968
969
971
973
973#
976
977
978
978*194
98
980
981
984
986
987
988
99
991
991/
993
994
996
998